4294967295 0 4294967295 0 4294967295 0 4294967295 0 4294967295 0 4294967295 0 4294967295 0 4294967295 0 4294967295 0 4294967295 0 4294967295 0 4294967295 0 4294967295 0 4294967295 0 4294967295 0 4294967295 0 4294967295 0 4294967295 0 4294967295 0 4294967295 0 4294967295 0 4294967295 0 4294967295 0 4294967295 0 4294967295 0 4294967295 0 4294967295 0 4294967295 0 4294967295 0 4294967295 0 4294967295 0 4294967295 0
4294967295 0 4294967295 0 4294967295 0 4294967295 0 4294967295 0 4294967295 0 4294967295 0 4294967295 0 4294967295 0 4294967295 0 4294967295 0 4294967295 0 4294967295 0 4294967295 0 4294967295 0 4294967295 0 4294967295 0 4294967295 0 4294967295 0 4294967295 0 4294967295 0 4294967295 0 4294967295 0 4294967295 0 4294967295 0 4294967295 0 4294967295 0 4294967295 0 4294967295 0 4294967295 0 4294967295 0 4294967295 0
4294967295 0 4294967295 0 4294967295 0 4294967295 0 4294967295 0 4294967295 0 4294967295 0 4294967295 0 4294967295 0 4294967295 0 4294967295 0 4294967295 0 4294967295 0 4294967295 0 4294967295 0 4294967295 0 4294967295 0 4294967295 0 4294967295 0 4294967295 0 4294967295 0 4294967295 0 4294967295 0 4294967295 0 4294967295 0 4294967295 0 4294967295 0 4294967295 0 4294967295 0 4294967295 0 4294967295 0 4294967295 0
4294967295 0 4294967295 0 4294967295 0 4294967295 0 4294967295 0 4294967295 0 4294967295 0 4294967295 0 4294967295 0 4294967295 0 4294967295 0 4294967295 0 4294967295 0 4294967295 0 4294967295 0 4294967295 0 4294967295 0 4294967295 0 4294967295 0 4294967295 0 4294967295 0 4294967295 0 4294967295 0 4294967295 0 4294967295 0 4294967295 0 4294967295 0 4294967295 0 4294967295 0 4294967295 0 4294967295 0 4294967295 0
4294967295 0 4294967295 0 4294967295 0 4294967295 0 4294967295 0 4294967295 0 4294967295 0 4294967295 0 4294967295 0 4294967295 0 4294967295 0 4294967295 0 4294967295 0 4294967295 0 4294967295 0 4294967295 0 4294967295 0 4294967295 0 4294967295 0 4294967295 0 4294967295 0 4294967295 0 4294967295 0 4294967295 0 4294967295 0 4294967295 0 4294967295 0 4294967295 0 4294967295 0 4294967295 0 4294967295 0 4294967295 0
4294967295 0 4294967295 0 4294967295 0 4294967295 0 4294967295 0 4294967295 0 4294967295 0 4294967295 0 4294967295 0 4294967295 0 4294967295 0 4294967295 0 4294967295 0 4294967295 0 4294967295 0 4294967295 0 4294967295 0 4294967295 0 4294967295 0 4294967295 0 4294967295 0 4294967295 0 4294967295 0 4294967295 0 4294967295 0 4294967295 0 4294967295 0 4294967295 0 4294967295 0 4294967295 0 4294967295 0 4294967295 0
4294967295 0 4294967295 0 4294967295 0 4294967295 0 4294967295 0 4294967295 0 4294967295 0 4294967295 0 4294967295 0 4294967295 0 4294967295 0 4294967295 0 4294967295 0 4294967295 0 4294967295 0 4294967295 0 4294967295 0 4294967295 0 4294967295 0 4294967295 0 4294967295 0 4294967295 0 4294967295 0 4294967295 0 4294967295 0 4294967295 0 4294967295 0 4294967295 0 4294967295 0 4294967295 0 4294967295 0 4294967295 0
4294967295 0 4294967295 0 4294967295 0 4294967295 0 4294967295 0 4294967295 0 4294967295 0 4294967295 0 4294967295 0 4294967295 0 4294967295 0 4294967295 0 4294967295 0 4294967295 0 4294967295 0 4294967295 0 4294967295 0 4294967295 0 4294967295 0 4294967295 0 4294967295 0 4294967295 0 4294967295 0 4294967295 0 4294967295 0 4294967295 0 4294967295 0 4294967295 0 4294967295 0 4294967295 0 4294967295 0 4294967295 0
4294967295 0 4294967295 0 4294967295 0 4294967295 0 4294967295 0 4294967295 0 4294967295 0 4294967295 0 4294967295 0 4294967295 0 4294967295 0 4294967295 0 4294967295 0 4294967295 0 4294967295 0 4294967295 0 4294967295 0 4294967295 0 4294967295 0 4294967295 0 4294967295 0 4294967295 0 4294967295 0 4294967295 0 4294967295 0 4294967295 0 4294967295 0 4294967295 0 4294967295 0 4294967295 0 4294967295 0 4294967295 0
4294967295 0 4294967295 0 4294967295 0 4294967295 0 4294967295 0 4294967295 0 4294967295 0 4294967295 0 4294967295 0 4294967295 0 4294967295 0 4294967295 0 4294967295 0 4294967295 0 4294967295 0 0 1 4294967295 0 4294967295 0 4294967295 0 4294967295 0 4294967295 0 4294967295 0 4294967295 0 4294967295 0 4294967295 0 4294967295 0 4294967295 0 4294967295 0 4294967295 0 4294967295 0 4294967295 0 4294967295 0
4294967295 0 4294967295 0 4294967295 0 4294967295 0 4294967295 0 4294967295 0 4294967295 0 4294967295 0 4294967295 0 4294967295 0 4294967295 0 4294967295 0 4294967295 0 4294967295 0 4294967295 0 0 1 4294967295 0 4294967295 0 4294967295 0 4294967295 0 4294967295 0 4294967295 0 4294967295 0 4294967295 0 4294967295 0 4294967295 0 4294967295 0 4294967295 0 4294967295 0 4294967295 0 4294967295 0 4294967295 0
4294967295 0 4294967295 0 4294967295 0 4294967295 0 4294967295 0 4294967295 0 4294967295 0 4294967295 0 4294967295 0 4294967295 0 4294967295 0 4294967295 0 4294967295 0 4294967295 0 4294967295 0 0 1 4294967295 0 4294967295 0 4294967295 0 4294967295 0 4294967295 0 4294967295 0 4294967295 0 4294967295 0 4294967295 0 4294967295 0 4294967295 0 4294967295 0 4294967295 0 4294967295 0 4294967295 0 4294967295 0
4294967295 0 4294967295 0 4294967295 0 4294967295 0 4294967295 0 4294967295 0 4294967295 0 4294967295 0 4294967295 0 4294967295 0 4294967295 0 4294967295 0 4294967295 0 4294967295 0 4294967295 0 4294967295 0 4294967295 0 4294967295 0 4294967295 0 4294967295 0 4294967295 0 4294967295 0 4294967295 0 4294967295 0 4294967295 0 4294967295 0 4294967295 0 4294967295 0 4294967295 0 4294967295 0 4294967295 0 4294967295 0
4294967295 0 4294967295 0 4294967295 0 4294967295 0 4294967295 0 4294967295 0 4294967295 0 4294967295 0 4294967295 0 4294967295 0 4294967295 0 4294967295 0 4294967295 0 4294967295 0 4294967295 0 4294967295 0 4294967295 0 4294967295 0 4294967295 0 4294967295 0 4294967295 0 4294967295 0 4294967295 0 4294967295 0 4294967295 0 4294967295 0 4294967295 0 4294967295 0 4294967295 0 4294967295 0 4294967295 0 4294967295 0
4294967295 0 4294967295 0 4294967295 0 4294967295 0 4294967295 0 4294967295 0 4294967295 0 4294967295 0 4294967295 0 4294967295 0 4294967295 0 4294967295 0 4294967295 0 4294967295 0 4294967295 0 4294967295 0 4294967295 0 4294967295 0 4294967295 0 4294967295 0 4294967295 0 4294967295 0 4294967295 0 4294967295 0 4294967295 0 4294967295 0 4294967295 0 4294967295 0 4294967295 0 4294967295 0 4294967295 0 4294967295 0
4294967295 0 4294967295 0 4294967295 0 4294967295 0 4294967295 0 4294967295 0 4294967295 0 4294967295 0 4294967295 0 4294967295 0 4294967295 0 4294967295 0 4294967295 0 4294967295 0 4294967295 0 4294967295 0 4294967295 0 4294967295 0 4294967295 0 4294967295 0 4294967295 0 4294967295 0 4294967295 0 4294967295 0 4294967295 0 4294967295 0 4294967295 0 4294967295 0 4294967295 0 4294967295 0 4294967295 0 4294967295 0
4294967295 0 4294967295 0 4294967295 0 4294967295 0 4294967295 0 4294967295 0 4294967295 0 4294967295 0 4294967295 0 4294967295 0 4294967295 0 4294967295 0 4294967295 0 4294967295 0 4294967295 0 4294967295 0 4294967295 0 4294967295 0 4294967295 0 4294967295 0 4294967295 0 4294967295 0 4294967295 0 4294967295 0 4294967295 0 4294967295 0 4294967295 0 4294967295 0 4294967295 0 4294967295 0 4294967295 0 4294967295 0
4294967295 0 4294967295 0 4294967295 0 4294967295 0 4294967295 0 4294967295 0 4294967295 0 4294967295 0 4294967295 0 4294967295 0 4294967295 0 4294967295 0 4294967295 0 4294967295 0 4294967295 0 4294967295 0 4294967295 0 4294967295 0 4294967295 0 4294967295 0 4294967295 0 4294967295 0 4294967295 0 4294967295 0 4294967295 0 4294967295 0 4294967295 0 4294967295 0 4294967295 0 4294967295 0 4294967295 0 4294967295 0
4294967295 0 4294967295 0 4294967295 0 4294967295 0 4294967295 0 4294967295 0 4294967295 0 4294967295 0 4294967295 0 4294967295 0 4294967295 0 4294967295 0 4294967295 0 4294967295 0 4294967295 0 4294967295 0 4294967295 0 4294967295 0 4294967295 0 4294967295 0 4294967295 0 4294967295 0 4294967295 0 4294967295 0 4294967295 0 4294967295 0 4294967295 0 4294967295 0 4294967295 0 4294967295 0 4294967295 0 4294967295 0
4294967295 0 4294967295 0 4294967295 0 4294967295 0 4294967295 0 4294967295 0 4294967295 0 4294967295 0 4294967295 0 4294967295 0 4294967295 0 4294967295 0 4294967295 0 4294967295 0 4294967295 0 4294967295 0 4294967295 0 4294967295 0 4294967295 0 4294967295 0 4294967295 0 4294967295 0 4294967295 0 4294967295 0 4294967295 0 4294967295 0 4294967295 0 4294967295 0 4294967295 0 4294967295 0 4294967295 0 4294967295 0
4294967295 0 4294967295 0 4294967295 0 4294967295 0 4294967295 0 4294967295 0 4294967295 0 4294967295 0 4294967295 0 4294967295 0 4294967295 0 4294967295 0 4294967295 0 4294967295 0 4294967295 0 4294967295 0 4294967295 0 4294967295 0 4294967295 0 4294967295 0 4294967295 0 4294967295 0 4294967295 0 4294967295 0 4294967295 0 4294967295 0 4294967295 0 4294967295 0 4294967295 0 4294967295 0 4294967295 0 4294967295 0
4294967295 0 4294967295 0 4294967295 0 4294967295 0 4294967295 0 4294967295 0 4294967295 0 4294967295 0 4294967295 0 4294967295 0 4294967295 0 4294967295 0 4294967295 0 4294967295 0 4294967295 0 4294967295 0 4294967295 0 4294967295 0 4294967295 0 4294967295 0 4294967295 0 4294967295 0 4294967295 0 4294967295 0 4294967295 0 4294967295 0 4294967295 0 4294967295 0 4294967295 0 4294967295 0 4294967295 0 4294967295 0
4294967295 0 4294967295 0 4294967295 0 4294967295 0 4294967295 0 4294967295 0 4294967295 0 4294967295 0 4294967295 0 4294967295 0 4294967295 0 4294967295 0 4294967295 0 4294967295 0 4294967295 0 4294967295 0 4294967295 0 4294967295 0 4294967295 0 4294967295 0 4294967295 0 4294967295 0 4294967295 0 4294967295 0 4294967295 0 4294967295 0 4294967295 0 4294967295 0 4294967295 0 4294967295 0 4294967295 0 4294967295 0
4294967295 0 4294967295 0 4294967295 0 4294967295 0 4294967295 0 4294967295 0 4294967295 0 4294967295 0 4294967295 0 4294967295 0 4294967295 0 4294967295 0 4294967295 0 4294967295 0 4294967295 0 4294967295 0 4294967295 0 4294967295 0 4294967295 0 4294967295 0 4294967295 0 4294967295 0 4294967295 0 4294967295 0 4294967295 0 4294967295 0 4294967295 0 4294967295 0 4294967295 0 4294967295 0 4294967295 0 4294967295 0
