11 4294967295 8 4294967295 8 4294967295 8 4294967295 8 4294967295 8 4294967295 8 4294967295 8 4294967295 8 4294967295 8 4294967295 8 4294967295 8 4294967295 8 4294967295 8 4294967295 8 4294967295 8 4294967295 8 4294967295 8 4294967295 8 4294967295 8 4294967295 8 4294967295 8 4294967295 8 4294967295 8 4294967295 8 4294967295 8 4294967295 8 4294967295 8 4294967295 8 4294967295 8 4294967295 8 4294967295 12 4294967295
7 4294967295 4294967295 0 4294967295 0 4294967295 0 4294967295 0 4294967295 0 4294967295 0 4294967295 0 4294967295 0 4294967295 0 4294967295 0 4294967295 0 4294967295 0 0 1 0 1 4294967295 0 4294967295 0 4294967295 0 4294967295 0 4294967295 0 4294967295 0 0 1 0 1 4294967295 0 4294967295 0 4294967295 0 4294967295 0 4294967295 0 4294967295 0 4294967295 1 4294967295 1 9 4294967295
7 4294967295 4294967295 0 4294967295 0 4294967295 0 4294967295 0 4294967295 0 4294967295 0 4294967295 0 4294967295 0 4294967295 0 4294967295 0 4294967295 0 4294967295 0 0 1 0 1 4294967295 0 4294967295 0 4294967295 0 4294967295 0 4294967295 0 4294967295 0 0 1 0 1 4294967295 0 5 0 5 0 4294967295 0 4294967295 0 4294967295 0 4294967295 1 4294967295 1 9 4294967295
7 4294967295 4294967295 0 4294967295 0 0 1 0 1 0 1 0 1 0 1 0 1 4294967295 0 4294967295 0 0 1 0 1 0 1 0 1 4294967295 0 4294967295 0 0 1 0 1 4294967295 0 4294967295 0 4294967295 0 4294967295 0 4294967295 0 5 0 5 0 4294967295 0 0 1 0 1 4294967295 0 4294967295 0 9 4294967295
7 4294967295 4294967295 0 4294967295 0 0 1 0 1 0 1 0 1 0 1 0 1 4294967295 0 4294967295 0 0 1 0 1 0 1 0 1 4294967295 0 4294967295 0 0 1 0 1 4294967295 0 4294967295 0 4294967295 0 4294967295 0 4294967295 0 4294967295 0 4294967295 0 4294967295 0 0 1 0 1 4294967295 0 4294967295 0 9 4294967295
7 4294967295 5 0 5 0 0 1 0 1 3 2 3 2 0 1 0 1 5 0 5 0 4294967295 0 4294967295 0 4294967295 0 4294967295 0 4294967295 0 4294967295 0 5 0 5 0 0 1 0 1 0 1 0 1 0 1 0 1 0 1 0 1 0 1 0 1 0 1 0 1 9 4294967295
7 4294967295 5 0 5 0 0 1 0 1 3 2 3 2 0 1 0 1 5 0 5 0 4294967295 0 5 0 5 0 4294967295 0 4294967295 0 4294967295 0 5 0 5 0 0 1 0 1 0 1 0 1 0 1 0 1 0 1 0 1 0 1 0 1 0 1 0 1 9 4294967295
7 4294967295 4294967295 0 4294967295 0 0 1 0 1 0 1 0 1 0 1 0 1 4294967295 0 4294967295 0 4294967295 0 5 0 5 0 4294967295 0 0 1 0 1 4294967295 0 4294967295 0 0 1 0 1 4294967295 0 4294967295 0 0 1 0 1 4294967295 0 4294967295 0 5 0 5 0 0 1 0 1 9 4294967295
7 4294967295 4294967295 0 4294967295 0 0 1 0 1 0 1 0 1 0 1 0 1 4294967295 0 4294967295 0 4294967295 0 4294967295 0 4294967295 0 4294967295 0 0 1 0 1 4294967295 0 4294967295 0 0 1 0 1 4294967295 0 4294967295 0 0 1 0 1 4294967295 0 4294967295 0 5 0 5 0 0 1 0 1 9 4294967295
7 4294967295 4294967295 0 4294967295 0 4294967295 0 4294967295 0 5 0 5 0 0 1 0 1 0 1 0 1 0 1 0 1 4294967295 0 4294967295 0 4294967295 0 4294967295 0 5 0 5 0 4294967295 0 4294967295 0 4294967295 0 4294967295 0 4294967295 0 4294967295 0 4294967295 0 4294967295 0 0 1 0 1 4294967295 0 4294967295 0 9 4294967295
7 4294967295 4294967295 0 4294967295 0 4294967295 0 4294967295 0 5 0 5 0 0 1 0 1 0 1 0 1 0 1 0 1 4294967295 0 4294967295 0 4294967295 0 4294967295 0 5 0 5 0 4294967295 0 4294967295 0 4294967295 0 4294967295 0 4294967295 0 5 0 5 0 4294967295 0 0 1 0 1 4294967295 0 4294967295 0 9 4294967295
7 4294967295 0 1 0 1 0 1 0 1 4294967295 0 4294967295 0 0 1 0 1 3 2 3 2 0 1 0 1 0 1 0 1 0 1 0 1 0 1 0 1 0 1 0 1 0 1 0 1 4294967295 0 5 0 5 0 4294967295 0 4294967295 0 4294967295 0 4294967295 0 4294967295 0 9 4294967295
7 4294967295 0 1 0 1 0 1 0 1 4294967295 0 4294967295 0 0 1 0 1 3 2 3 2 0 1 0 1 0 1 0 1 0 1 0 1 0 1 0 1 0 1 0 1 0 1 0 1 4294967295 0 4294967295 0 4294967295 0 4294967295 0 4294967295 0 5 0 5 0 4294967295 0 9 4294967295
7 4294967295 4294967295 0 4294967295 0 0 1 0 1 4294967295 0 4294967295 0 0 1 0 1 0 1 0 1 0 1 0 1 0 1 0 1 0 1 0 1 0 1 0 1 0 1 0 1 0 1 0 1 5 0 5 0 0 1 0 1 4294967295 0 5 0 5 0 4294967295 0 9 4294967295
7 4294967295 4294967295 0 4294967295 0 0 1 0 1 4294967295 0 4294967295 0 0 1 0 1 0 1 0 1 0 1 0 1 0 1 0 1 0 1 0 1 0 1 0 1 0 1 0 1 0 1 0 1 5 0 5 0 0 1 0 1 4294967295 0 4294967295 0 4294967295 0 4294967295 0 9 4294967295
7 4294967295 5 0 5 0 4294967295 0 4294967295 0 0 1 0 1 0 1 0 1 0 1 0 1 4294967295 1 4294967295 1 4294967295 1 4294967295 1 4294967295 1 4294967295 1 4294967295 1 4294967295 1 4294967295 1 4294967295 1 0 1 0 1 4294967295 0 4294967295 0 0 1 0 1 0 1 0 1 4294967295 0 4294967295 0 9 4294967295
7 4294967295 5 0 5 0 4294967295 0 4294967295 0 0 1 0 1 0 1 0 1 0 1 0 1 4294967295 1 4294967295 1 4294967295 0 4294967295 1 5 0 5 0 4294967295 1 4294967295 1 4294967295 1 4294967295 1 0 1 0 1 4294967295 0 4294967295 0 0 1 0 1 0 1 0 1 4294967295 0 4294967295 0 9 4294967295
7 4294967295 4294967295 0 4294967295 0 0 1 0 1 0 1 0 1 0 1 0 1 4294967295 0 4294967295 0 4294967295 0 5 0 5 0 4294967295 0 5 0 5 0 4294967295 0 5 0 5 0 4294967295 0 0 1 0 1 4294967295 0 4294967295 0 0 1 0 1 0 1 0 1 4294967295 0 4294967295 0 9 4294967295
7 4294967295 4294967295 0 4294967295 0 0 1 0 1 0 1 0 1 0 1 0 1 4294967295 0 4294967295 0 4294967295 0 5 0 5 0 0 1 0 1 0 1 0 1 5 0 5 0 4294967295 0 4294967295 1 4294967295 1 5 0 5 0 0 1 0 1 0 1 0 1 4294967295 0 4294967295 0 9 4294967295
7 4294967295 4294967295 0 4294967295 0 0 1 0 1 5 0 5 0 0 1 0 1 4294967295 0 4294967295 0 4294967295 0 5 0 5 0 0 1 4294967295 0 4294967295 0 0 1 5 0 5 0 4294967295 0 4294967295 1 4294967295 1 5 0 5 0 0 1 0 1 0 1 0 1 5 0 5 0 9 4294967295
7 4294967295 4294967295 0 4294967295 0 0 1 0 1 5 0 5 0 0 1 0 1 4294967295 0 4294967295 0 4294967295 0 5 0 5 0 0 1 4294967295 0 4294967295 0 0 1 5 0 5 0 4294967295 0 4294967295 1 4294967295 1 4294967295 0 4294967295 0 0 1 0 1 0 1 0 1 5 0 5 0 9 4294967295
7 4294967295 5 0 5 0 4294967295 0 4294967295 0 4294967295 0 4294967295 0 0 1 0 1 4294967295 0 4294967295 0 4294967295 0 5 0 5 0 0 1 0 1 0 1 0 1 5 0 5 0 4294967295 0 4294967295 1 4294967295 1 4294967295 0 4294967295 0 0 1 0 1 0 1 0 1 4294967295 0 4294967295 0 9 4294967295
7 4294967295 5 0 5 0 4294967295 0 4294967295 0 4294967295 0 4294967295 0 0 1 0 1 4294967295 0 4294967295 0 4294967295 0 5 0 5 0 4294967295 0 5 0 5 0 4294967295 0 5 0 5 0 4294967295 0 4294967295 1 4294967295 1 4294967295 0 4294967295 0 0 1 0 1 0 1 0 1 4294967295 0 4294967295 0 9 4294967295
14 4294967295 10 4294967295 10 4294967295 10 4294967295 10 4294967295 10 4294967295 10 4294967295 10 4294967295 10 4294967295 10 4294967295 10 4294967295 10 4294967295 10 4294967295 10 4294967295 10 4294967295 10 4294967295 10 4294967295 10 4294967295 10 4294967295 10 4294967295 10 4294967295 10 4294967295 10 4294967295 10 4294967295 10 4294967295 10 4294967295 10 4294967295 10 4294967295 10 4294967295 10 4294967295 10 4294967295 13 4294967295
