11 4294967295 8 4294967295 8 4294967295 8 4294967295 8 4294967295 8 4294967295 8 4294967295 8 4294967295 8 4294967295 8 4294967295 8 4294967295 8 4294967295 8 4294967295 8 4294967295 8 4294967295 8 4294967295 8 4294967295 8 4294967295 8 4294967295 8 4294967295 8 4294967295 8 4294967295 8 4294967295 8 4294967295 8 4294967295 8 4294967295 8 4294967295 8 4294967295 8 4294967295 8 4294967295 8 4294967295 12 4294967295
7 4294967295 1 0 1 0 1 0 1 0 1 0 1 0 5 0 5 0 5 0 5 0 5 0 5 0 5 0 5 0 0 1 0 1 5 0 5 0 5 0 5 0 5 0 5 0 5 0 5 0 5 0 5 0 5 0 5 0 5 0 5 0 9 4294967295
7 4294967295 1 0 1 0 1 0 1 0 1 0 1 0 5 0 5 0 5 0 5 0 5 0 5 0 5 0 5 0 0 1 0 1 5 0 5 0 5 0 5 0 5 0 5 0 5 0 5 0 5 0 5 0 5 0 5 0 5 0 5 0 9 4294967295
7 4294967295 1 0 1 0 1 0 1 0 1 0 1 0 1 0 1 0 1 0 1 0 1 0 1 0 0 1 0 1 4294967295 0 4294967295 0 4294967295 0 4294967295 0 4294967295 0 4294967295 0 4294967295 0 4294967295 0 4294967295 0 4294967295 0 4294967295 0 4294967295 0 5 0 5 0 5 0 5 0 9 4294967295
7 4294967295 1 0 1 0 1 0 1 0 1 0 1 0 1 0 1 0 1 0 1 0 1 0 1 0 0 1 0 1 4294967295 0 4294967295 0 4294967295 0 4294967295 0 4294967295 0 4294967295 0 4294967295 0 4294967295 0 4294967295 0 4294967295 0 4294967295 0 4294967295 0 5 0 5 0 5 0 5 0 9 4294967295
7 4294967295 1 0 1 0 1 0 1 0 1 0 1 0 0 1 0 1 1 0 1 0 0 1 0 1 4294967295 0 4294967295 0 4294967295 0 4294967295 0 0 1 0 1 6 0 6 0 6 0 6 0 6 0 6 0 6 0 6 0 5 0 5 0 5 0 5 0 9 4294967295
7 4294967295 1 0 1 0 1 0 1 0 1 0 1 0 0 1 0 1 1 0 1 0 0 1 0 1 4294967295 0 4294967295 0 4294967295 0 4294967295 0 0 1 0 1 6 0 6 0 6 0 6 0 6 0 6 0 6 0 6 0 5 0 5 0 5 0 5 0 9 4294967295
7 4294967295 1 0 1 0 1 0 1 0 1 0 1 0 0 1 0 1 0 1 0 1 4294967295 0 4294967295 0 4294967295 0 4294967295 0 4294967295 0 4294967295 0 4294967295 0 4294967295 0 0 1 0 1 1 0 1 0 0 1 0 1 6 0 6 0 6 0 6 0 5 0 5 0 9 4294967295
7 4294967295 1 0 1 0 1 0 1 0 1 0 1 0 0 1 0 1 0 1 0 1 4294967295 0 4294967295 0 4294967295 0 4294967295 0 4294967295 0 4294967295 0 4294967295 0 4294967295 0 0 1 0 1 1 0 1 0 0 1 0 1 6 0 6 0 6 0 6 0 5 0 5 0 9 4294967295
7 4294967295 1 0 1 0 1 0 1 0 0 1 0 1 0 1 0 1 0 1 0 1 0 1 0 1 0 1 0 1 0 1 0 1 0 1 0 1 0 1 0 1 0 1 0 1 1 0 1 0 6 0 6 0 6 0 6 0 5 0 5 0 9 4294967295
7 4294967295 1 0 1 0 1 0 1 0 0 1 0 1 0 1 0 1 0 1 0 1 0 1 0 1 0 1 0 1 0 1 0 1 0 1 0 1 0 1 0 1 0 1 0 1 1 0 1 0 6 0 6 0 6 0 6 0 5 0 5 0 9 4294967295
7 4294967295 1 0 1 0 1 0 1 0 1 0 1 0 0 1 0 1 0 1 0 1 0 1 0 1 0 1 0 1 0 1 0 1 0 1 0 1 0 1 0 1 0 1 0 1 4294967295 0 4294967295 0 4294967295 0 4294967295 0 4294967295 0 4294967295 0 4294967295 0 4294967295 0 9 4294967295
7 4294967295 1 0 1 0 1 0 1 0 1 0 1 0 0 1 0 1 0 1 0 1 0 1 0 1 0 1 0 1 0 1 0 1 0 1 0 1 0 1 0 1 0 1 0 1 4294967295 0 4294967295 0 4294967295 0 4294967295 0 4294967295 0 4294967295 0 4294967295 0 4294967295 0 9 4294967295
7 4294967295 1 0 1 0 1 0 1 0 1 0 1 0 0 1 0 1 0 1 0 1 1 0 1 0 1 0 1 0 0 1 0 1 1 0 1 0 1 0 1 0 0 1 0 1 4294967295 0 4294967295 0 4294967295 0 4294967295 0 4294967295 0 4294967295 0 4294967295 0 4294967295 0 9 4294967295
7 4294967295 1 0 1 0 1 0 1 0 1 0 1 0 0 1 0 1 0 1 0 1 1 0 1 0 1 0 1 0 0 1 0 1 1 0 1 0 1 0 1 0 0 1 0 1 4294967295 0 4294967295 0 4294967295 0 4294967295 0 4294967295 0 4294967295 0 4294967295 0 4294967295 0 9 4294967295
7 4294967295 1 0 1 0 1 0 1 0 1 0 1 0 0 1 0 1 0 1 0 1 1 0 1 0 1 0 1 0 0 1 0 1 1 0 1 0 1 0 1 0 0 1 0 1 1 0 1 0 1 0 1 0 4294967295 0 4294967295 0 4294967295 0 4294967295 0 9 4294967295
7 4294967295 1 0 1 0 1 0 1 0 1 0 1 0 0 1 0 1 0 1 0 1 1 0 1 0 1 0 1 0 0 1 0 1 1 0 1 0 1 0 1 0 0 1 0 1 1 0 1 0 1 0 1 0 4294967295 0 4294967295 0 4294967295 0 4294967295 0 9 4294967295
7 4294967295 1 0 1 0 0 1 0 1 0 1 0 1 0 1 0 1 1 0 1 0 1 0 1 0 5 0 5 0 5 0 5 0 5 0 5 0 1 0 1 0 2 0 2 0 2 0 2 0 0 1 0 1 4294967295 0 4294967295 0 4294967295 0 4294967295 0 9 4294967295
7 4294967295 1 0 1 0 0 1 0 1 0 1 0 1 0 1 0 1 1 0 1 0 1 0 1 0 5 0 0 1 0 1 0 1 0 1 5 0 1 0 1 0 2 0 2 0 2 0 2 0 0 1 0 1 4294967295 0 4294967295 0 4294967295 0 4294967295 0 9 4294967295
7 4294967295 1 0 1 0 0 1 0 1 0 1 0 1 0 1 0 1 1 0 1 0 1 0 1 0 5 0 0 1 4294967295 0 4294967295 0 0 1 5 0 1 0 1 0 0 1 0 1 0 1 0 1 0 1 0 1 4294967295 0 4294967295 0 4294967295 0 4294967295 0 9 4294967295
7 4294967295 1 0 1 0 0 1 0 1 0 1 0 1 0 1 0 1 1 0 1 0 1 0 1 0 5 0 0 1 4294967295 0 4294967295 0 0 1 5 0 1 0 1 0 0 1 0 1 0 1 0 1 0 1 0 1 4294967295 0 4294967295 0 4294967295 0 4294967295 0 9 4294967295
7 4294967295 1 0 1 0 1 0 1 0 1 0 1 0 1 0 1 0 1 0 1 0 1 0 1 0 5 0 0 1 0 1 0 1 0 1 5 0 1 0 1 0 2 0 2 0 2 0 2 0 0 1 0 1 4294967295 0 4294967295 0 4294967295 0 4294967295 0 9 4294967295
7 4294967295 1 0 1 0 1 0 1 0 1 0 1 0 1 0 1 0 1 0 1 0 1 0 1 0 5 0 5 0 5 0 5 0 5 0 5 0 1 0 1 0 2 0 2 0 2 0 2 0 0 1 0 1 4294967295 0 4294967295 0 4294967295 0 4294967295 0 9 4294967295
14 4294967295 10 4294967295 10 4294967295 10 4294967295 10 4294967295 10 4294967295 10 4294967295 10 4294967295 10 4294967295 10 4294967295 10 4294967295 10 4294967295 10 4294967295 10 4294967295 10 4294967295 10 4294967295 10 4294967295 10 4294967295 10 4294967295 10 4294967295 10 4294967295 10 4294967295 10 4294967295 10 4294967295 10 4294967295 10 4294967295 10 4294967295 10 4294967295 10 4294967295 10 4294967295 10 4294967295 13 4294967295
